0000000
1111001
0000000
0000000
0000000
0000000
0000000
1111001
0000000
0000000
0000000
0000000
1111001
1100100
1100100
1111111
1100100
1111001
1111001
0000000
0000000
1100100
1111111
1111001
1100100
1100100
1100100
1111001
1100100
0000000
0000000
1111001
1111001
1100100
1100100
1100100
1100100
1100100
1100100
0000000
0000000
1100100
1111001
1111001
1100100
1100100
1100100
1111111
1111001
1100100
1111001
1100100
1111111
1111001
1100100
1111001
1111111
1111111
1100100
0000000
0000000
1111001
1111111
1111111
1111001
1111111
1111001
1111001
1100100
0000000
0000000
1111001
1100100
1111111
1111111
1111111
1111001
1111001
1100100
0000000
0000000
1100100
1100100
1100100
1100100
1111001
1111001
1100100
1111001
0000000
0000000
1111001
0000000
0000000
0000000
0000000
0000000
0000000
0000000
0000000
