0000000
0000000
0000000
0000000
0000000
0000000
0000000
0000000
0000000
0000000
0000000
0000000
0000000
0000000
0000000
0000000
0000000
0000000
0000000
0000000
0000000
0000000
0000000
0000000
0000000
0000000
0000000
0000000
0000000
0000000
0000000
0000000
0000000
0000000
0000000
0000000
0000000
0000000
0000000
0000000
0000000
0000000
0000000
0000000
0000000
0000000
0000000
0000000
0000000
0000000
0000000
0000000
0000000
0000000
0110100
0110100
0110100
0110100
0110100
0110100
0110100
0110100
0000000
0000000
0000000
0000000
0000000
0000000
0000000
0000000
0000000
0000000
0000000
0000000
0000000
0000000
0000000
0000000
0000000
0000000
0000000
0000000
0000000
0000000
0000000
0000000
0111000
0110100
0110100
0110100
1111000
1111000
1111000
1111000
1111001
1111001
1111001
0110100
0110100
0000000
0000000
0000000
0000000
0000000
0000000
0000000
0000000
0000000
0000000
0000000
0000000
0000000
0000000
0000000
0000000
0000000
0000000
0000000
0110000
0110100
0110100
0110100
1010100
1010100
1111000
1111100
1111101
1111101
1111101
1111101
1111110
1111110
1111000
1111001
0110100
0000000
0000000
0000000
0000000
0000000
0000000
0000000
0000000
0000000
0000000
0000000
0000000
0000000
0000000
0000000
0000000
0000000
0110100
0110100
1100100
1010100
1010100
1101000
1101000
1111100
1111000
1111101
1111110
1111110
1111101
1111110
1111110
1111101
1111110
1111001
0110100
0000000
0000000
0000000
0000000
0000000
0000000
0000000
0000000
0000000
0000000
0110100
0110100
0000000
0000000
0000000
0110100
1110100
1110100
1101000
1101000
1101000
1111000
1111000
1111000
1111000
1111101
1111110
1111110
1111110
1111110
1111110
1111110
1111110
1111101
1111001
0110100
0000000
0000000
0000000
0000000
0000000
0000000
0000000
0000000
0110100
1100100
1100100
0110100
0110100
0110100
1111000
1111000
1111000
1111000
1111000
1111000
1111000
1111000
1111001
1111101
1111001
1111001
1111110
1111110
1111110
1111110
1111110
1111110
1111101
1111110
1110100
0111000
0000000
0000000
0000000
0000000
0000000
0110100
0110100
1110100
1010000
1010000
1100100
1111000
1111000
1111000
1111000
1111000
1110100
1110100
1111000
1111100
1111100
1111110
1111001
1111001
1111001
1111110
1111110
1111110
1111110
1111110
1111110
1111110
1111101
1111001
0110100
0111000
0000000
0000000
0000000
0110000
1110100
1100100
1100000
1110100
1110100
1010100
1111000
1111000
1100000
1110100
1110100
1110100
1110100
1111100
1111100
1111101
1111001
1111001
1111110
1111110
1111110
1111110
1111110
1111110
1111110
1111110
1111110
1111101
1111110
1110100
0111000
0000000
0000000
0110000
1110000
0110000
1010000
1010100
1111000
1100100
1100100
1110100
1110100
1100100
1100100
1100100
1110100
1110100
1111000
1111000
1111001
1111001
1111101
1111110
1111110
1111110
1111110
1111110
1111110
1111110
1111110
1111110
1111110
1111110
1110100
0111000
0000000
0000000
0110000
0110000
0110000
0110000
1111000
1111000
1010100
1010100
1111000
1110100
1110100
1100000
1100000
1110100
1111000
1111000
1111000
1111000
1111001
1111101
1111001
1111110
1111110
1111110
1111110
1111110
1111110
1111110
1111110
1111110
1111101
1110100
0110100
0000000
0000000
0110000
0110000
0110000
0110000
1100000
1100000
1111000
1111000
1111000
1110100
1110100
1110100
1111000
1111000
1110100
1110100
1111100
1111100
1111001
1111101
1111001
1111110
1111110
1111110
1111110
1111110
1111110
1111110
1111110
1111110
1111000
0110100
0110100
0000000
0000000
0110000
0110000
1110000
1110000
1000000
1010100
1110100
1110000
1110000
1110100
1100100
1111000
1111000
1110100
1110100
1110000
1111100
1111100
1111101
1111101
1111001
1111001
1111110
1111110
1111110
1111101
1111110
1111101
1111110
1111101
1110100
0111000
0000000
0000000
0000000
0000000
0000000
1100000
1100000
1010000
1110100
1110100
1110000
1110000
1100000
1010000
1110100
1110100
1100100
1010100
1010000
1010100
1111000
1111000
1111001
1111001
1111001
1111110
1111101
1111110
1111101
1111001
1111101
1111101
1111000
0110100
0111000
0000000
0000000
0000000
0000000
0000000
0000000
0000000
1100000
1100000
1100000
1100000
1100000
1000000
1110000
1110000
1100000
1100000
1100000
1100000
1100000
1010100
1111000
1111000
1111001
1111001
1111001
1111101
1111001
1111001
1111000
1111101
1111000
0110100
0110100
0000000
0000000
0000000
0000000
0000000
0000000
0000000
0000000
0000000
0000000
0000000
0000000
0000000
0000000
1010000
1100000
1100000
1110000
1110000
1100000
1010000
1000000
1010100
1111100
1111000
1111000
1111000
1111101
1111000
1111000
1111000
1111000
0110100
0111000
0000000
0000000
0000000
0000000
0000000
0000000
0000000
0000000
0000000
0000000
0000000
0000000
0000000
0000000
0000000
0000000
0000000
1010000
1100000
1010000
1100000
1100000
1100000
1100000
1110100
1110100
1111000
1111000
1111000
1111000
1111000
0110100
0110100
0111000
0000000
0000000
0000000
0000000
0000000
0000000
0000000
0000000
0000000
0000000
0000000
0000000
0000000
0000000
0000000
0000000
0000000
0000000
0000000
0000000
0000000
0110000
0110000
0110000
0110000
0110000
0110000
0110100
0110100
0110100
0110100
0110100
0110100
0000000
0000000
0000000
0000000
0000000
0000000
0000000
0000000
0000000
0000000
0000000
0000000
0000000
0000000
0000000
0000000
0000000
0000000
0000000
0000000
0000000
0000000
0000000
0000000
0000000
0000000
0000000
0000000
0000000
0000000
0000000
0000000
0000000
0000000
0000000
0000000
0000000
0000000
0000000
0000000
0000000
0000000
0000000
0000000
0000000
0000000
0000000
0000000
0000000
0000000
0000000
0000000
0000000
0000000
0000000
0000000
0000000
0000000
0000000
0000000
0000000
0000000
0000000
0000000
0000000
0000000
0000000
0000000
0000000
0000000
0000000
0000000
0000000
0000000
0000000
0000000
0000000
