0000000
0000000
0000000
0000000
0000000
0000000
0000000
0000000
0000000
0000000
0000000
0000000
0000000
0000000
0000000
0000000
0000000
0000000
0000000
0000000
0000000
0000000
0000000
0000000
0000000
0000000
0000000
0000000
0000000
0000000
0000000
0000000
0000000
0000000
0000000
0000000
0000000
0000000
0000000
0000000
0000000
0000000
0000000
0000000
0000000
0000000
0000000
0000000
0000000
0000000
0000000
0000000
0000000
0000000
0000000
0000000
0000000
0110000
0110000
0110000
0110000
0110000
0000000
0000000
0000000
0000000
0000000
0000000
0000000
0000000
0000000
0000000
0000000
0000000
0000000
0000000
0000000
0000000
0000000
0000000
0000000
0000000
0000000
0000000
0000000
0000000
0000000
0000000
0000000
0110000
0110000
0110000
0110000
1110100
1110100
1110100
1110100
0110000
0110000
0000000
0000000
0000000
0000000
0000000
0000000
0000000
0000000
0000000
0000000
0000000
0000000
0000000
0000000
0000000
0000000
0000000
0000000
0000000
0000000
0000000
0000000
0000000
0110000
0110000
0110000
1110000
1110100
1110100
1111100
1111101
1111100
1111101
1110100
1110100
0110000
0000000
0000000
0000000
0000000
0000000
0000000
0000000
0000000
0000000
0000000
0000000
0000000
0000000
0000000
0000000
0000000
0000000
0000000
0000000
0000000
0000000
0000000
0110000
1100000
1110000
1111000
1111000
1111100
1111100
1111110
1111101
1111110
1111101
1111101
1110100
0110000
0000000
0000000
0000000
0000000
0000000
0000000
0000000
0000000
0000000
0000000
0000000
0000000
0000000
0000000
0000000
0000000
0000000
0000000
0000000
0110000
0110000
1100000
1010000
1110100
1111000
1110101
1111000
1111001
1111110
1111110
1111110
1111110
1111110
1111101
1110100
0110000
0000000
0000000
0000000
0000000
0000000
0000000
0000000
0000000
0000000
0000000
0000000
0110000
0110000
0110000
0000000
0000000
0110000
0110000
1100000
1100000
1010000
1110000
1110100
1110100
1111110
1111101
1111110
1111110
1111110
1111010
1111110
1111110
1111110
1111100
1110000
0110000
0000000
0000000
0000000
0000000
0000000
0000000
0000000
0000000
0000000
0110000
1110000
1110000
1100000
0110000
0110000
1110000
1110000
1010000
1010000
1110000
1111000
1111100
1111101
1111110
1111110
1111110
1111110
1111001
1111001
1111001
1111110
1111110
1111101
1110100
0110000
0110000
0000000
0000000
0000000
0110000
0110000
0110000
0000000
0110000
1110000
1110100
1110100
1010000
1110000
1110000
1100100
1100000
1110000
1110000
1110100
1111000
1110100
1111110
1111100
1111110
1111110
1111110
1111110
1111110
1111001
1111110
1111110
1111110
1111100
1110000
0110000
0000000
0000000
0000000
1110000
1100000
0100000
0000000
0110000
1100000
1100000
1100000
1110100
1110100
1110000
1010000
1010000
1110100
1110100
1110000
1110100
1110100
1111000
1111001
1111110
1111001
1111110
1111110
1111110
1111110
1111110
1111110
1111110
1111100
1110000
0110000
0000000
0000000
0000000
0000000
1000000
0000000
0110000
0110000
0000000
0000000
1010000
1100000
1100000
1110000
1110000
1110000
1110000
1110000
1110100
1111100
1111100
1111100
1111110
1111110
1111110
1111110
1111110
1111110
1111110
1111110
1111110
1111110
1111100
1110000
0110000
0000000
0000000
0000000
0000000
0000000
0000000
0110000
1100000
0110000
0110000
1110000
1010000
1010000
1100000
1100000
1100000
1110100
1110100
1110100
1110100
1111000
1111100
1111110
1111101
1111110
1111110
1111110
1111110
1111110
1111110
1111110
1111101
1111000
0110000
0110000
0000000
0000000
0000000
0000000
0000000
0000000
0110000
1010000
1100000
1100000
1100000
1110000
1110000
1010000
1000000
1010000
1110000
1110000
1110000
1110000
1111000
1111000
1111000
1111110
1111110
1111110
1111110
1111110
1111110
1111000
1111101
1111100
1110000
0110000
0000000
0000000
0000000
0000000
0000000
0000000
0000000
0110000
1110000
1010000
1010000
1010000
1100000
1100000
1100000
1010000
1100000
1100100
1100100
1110100
1110100
1110100
1111000
1111100
1111101
1111100
1111110
1111110
1111100
1111001
1111000
1111100
1111000
0110000
0110000
0000000
0000000
0000000
0000000
0000000
0000000
0000000
0000000
0000000
0110000
0110000
0110000
0000000
0000000
1010000
1110000
1010000
1010000
1010000
1100100
1110100
1110000
1110100
1111000
1111000
1111100
1111101
1111000
1110100
1111000
1111100
1111000
0110100
0111000
0000000
0000000
0000000
0000000
0000000
0000000
0000000
0000000
0000000
0000000
0000000
0000000
0000000
0000000
0000000
0100100
0100100
0100100
1110000
1110000
1010000
1100100
1100100
1110000
1111000
1110100
1111000
1110100
1110100
1110100
1111000
1111000
0110100
0110100
0000000
0000000
0000000
0000000
0000000
0000000
0000000
0000000
0000000
0000000
0000000
0000000
0000000
0000000
0000000
0000000
0000000
0000000
0000000
0100100
0100100
0100100
0000000
0000000
1100000
1100000
1110100
1111000
1110100
1111000
1111000
0111000
0110100
0111000
0000000
0000000
0000000
0000000
0000000
0000000
0000000
0000000
0000000
0000000
0000000
0000000
0000000
0000000
0000000
0000000
0000000
0000000
0000000
0000000
0000000
0000000
0000000
0000000
0000000
0000000
0000000
0110000
0110000
0110100
0110100
0110100
0110100
0000000
0000000
0000000
0000000
0000000
0000000
0000000
0000000
0000000
0000000
0000000
0000000
0000000
0000000
0000000
0000000
0000000
0000000
0000000
0000000
0000000
0000000
0000000
0000000
0000000
0000000
0000000
0000000
0000000
0000000
0000000
0000000
0000000
0000000
0000000
0000000
0000000
0000000
0000000
0000000
0000000
0000000
0000000
0000000
0000000
0000000
0000000
0000000
0000000
0000000
0000000
0000000
0000000
0000000
0000000
0000000
0000000
0000000
0000000
0000000
0000000
0000000
0000000
0000000
0000000
0000000
0000000
0000000
0000000
0000000
0000000
0000000
0000000
0000000
0000000
0000000
0000000
